# oST version 5.0 parameters


[image]

width
1280

height
720

[narrow_stereo]

camera matrix
1015.571668 0.000000 659.575276
0.000000 1014.803691 361.632072
0.000000 0.000000 1.000000

distortion
0.084531 -0.104271 0.004552 -0.000996 0.000000

rectification
1.000000 0.000000 0.000000
0.000000 1.000000 0.000000
0.000000 0.000000 1.000000

projection
1035.293457 0.000000 658.534426 0.000000
0.000000 1033.486328 364.632900 0.000000
0.000000 0.000000 1.000000 0.000000

